2.5 2.5 1
0 1 2 3

2.5 1.5 1
2 4 5 6

2.5 0.5 1
5 7 8 9

1.5 2.5 1
1 10 11 12

1.5 1.5 1
4 12 13 14

1.5 0.5 1
7 14 15 16

0.5 2.5 1
11 17 18 19

0.5 1.5 1
13 19 20 21

0.5 0.5 1
15 21 22 23

0.5 0 0
23 0 1778046720 32585

1.5 0 0
16 0 1778046720 32585

2.5 0 0
8 0 1778046720 32585

3 0.5 0
9 0 1778046720 32585

3 1.5 0
6 0 1778046720 32585

3 2.5 0
3 0 1778046720 32585

2.5 3 0
0 0 1778046720 32585

1.5 3 0
10 0 1778046720 32585

0.5 3 0
17 0 1778046720 32585

0 2.5 0
18 0 1778046720 32585

0 1.5 0
20 0 1778046720 32585

0 0.5 0
22 0 1778046720 32585

