2.5 3 1
0 1
-1 0
0 15

2 2.5 1
-1 1.89981e-12
-1.89981e-12 -1
0 3

2.5 2 1
-1.90004e-12 -1
1 -1.90004e-12
0 1

3 2.5 1
1 -0
0 1
0 14

2 1.5 1
-1 1.90004e-12
-1.90004e-12 -1
1 4

2.5 1 1
-2.25009e-12 -1
1 -2.25009e-12
1 2

3 1.5 1
1 -0
0 1
1 13

2 0.5 1
-1 1.90004e-12
-1.90004e-12 -1
2 5

2.5 0 1
0 -1
1 0
2 11

3 0.5 1
1 -0
0 1
2 12

1.5 3 1
0 1
-1 0
3 16

1 2.5 1
-1 2.29994e-12
-2.29994e-12 -1
3 6

1.5 2 1
-1.90004e-12 -1
1 -1.90004e-12
3 4

1 1.5 1
-1 2.22e-12
-2.22e-12 -1
4 7

1.5 1 1
-2.22e-12 -1
1 -2.22e-12
4 5

1 0.5 1
-1 2.25009e-12
-2.25009e-12 -1
5 8

1.5 0 1
0 -1
1 0
5 10

0.5 3 1
0 1
-1 0
6 17

0 2.5 1
-1 -0
0 -1
6 18

0.5 2 1
-1.89981e-12 -1
1 -1.89981e-12
6 7

0 1.5 1
-1 -0
0 -1
7 19

0.5 1 1
-2.29994e-12 -1
1 -2.29994e-12
7 8

0 0.5 1
-1 -0
0 -1
8 20

0.5 0 1
0 -1
1 0
8 9

